version https://git-lfs.github.com/spec/v1
oid sha256:7a3d123dd555110d59a5abb670b655ceac7e4219789729e6ec3cd85865098546
size 501571
