version https://git-lfs.github.com/spec/v1
oid sha256:12509e25ded6dbe9ff0c9a081e93d58c2e585a560ed244a5fdf0cfbec15df894
size 9725
